0.82401
0.95881
0.46601
0.94309
0.45082
0.76558
0.65057
0.77270
0.33239
0.60489
0.55261
0.52969
0.63420
0.22839
0.02920
0.28920
0.24150
0.64335
0.26068
0.69091
0.57180
0.88269
0.26225
0.44799
0.11231
0.81606
0.52191
0.05142
0.71730
0.12699
0.17359
0.56444
0.60688
0.45081
0.04844
0.60104
0.51309
0.59008
0.28177
0.34184
0.77755
0.82737
0.68859
0.57930
0.15860
0.59583
0.58101
0.78179
0.96956
0.39827
0.65846
0.38897
0.57268
0.29533
0.69811
0.26885
0.20901
0.88894
0.12402
0.02877
0.34300
0.05843
0.65480
0.42806
0.35802
0.52617
0.55640
0.53718
0.04404
0.71304
0.11211
0.53074
0.20622
0.44405
0.68385
0.14208
0.96830
0.59664
0.94436
0.61549
0.25924
0.35791
0.04081
0.32375
0.53606
0.01955
0.62701
0.48473
0.33523
0.74509
0.65694
0.72040
0.56792
0.00363
0.01233
0.59403
0.55581
0.51960
0.70701
0.94733
0.23282
0.93067
0.15450
0.86984
0.64716
0.79995
0.12902
0.31278
0.38370
0.21606
0.49244
0.93983
0.65464
0.06190
0.15676
0.67122
0.91585
0.19083
0.26991
0.97773
0.97088
0.47819
0.45354
0.48742
0.48052
0.37793
0.13838
0.84224
0.26855
0.71975
0.07554
0.51947
0.47092
0.01500
0.65965
0.75075
0.97972
0.34524
0.39450
0.83653
0.74484
0.85449
0.99668
0.82634
0.59964
0.06924
0.55843
0.05803
0.81655
0.32464
0.51253
0.20405
0.09556
0.88044
0.47354
0.26553
0.59553
0.13309
0.08986
0.94680
0.27717
0.60240
0.87589
0.57411
0.93383
0.73287
0.24276
0.97426
0.82442
0.89831
0.17971
0.79943
0.13806
0.89440
0.19373
0.46293
0.08971
0.21112
0.86505
0.92698
0.67804
0.52220
0.06351
0.60068
0.20139
0.62853
0.75271
0.23078
0.56909
0.78585
0.79163
0.26386
0.65092
0.16803
0.09596
0.92646
0.81112
0.02153
0.44267
0.98383
0.84691
0.09607
0.13272
0.40837
0.00424
0.70620
0.25391
0.01845
0.26772
0.60620
0.69865
0.96239
0.40739
0.53721
0.99051
0.16158
0.56145
0.56020
0.70410
0.60127
0.82285
0.79528
0.30547
0.75655
0.79685
0.99367
0.45090
0.50674
0.66461
0.30643
0.69625
0.03671
0.29227
0.46140
0.22383
0.37246
0.00256
0.57960
0.40522
0.87602
0.76733
0.07143
0.22216
0.27322
0.61909
0.57153
0.00930
0.17712
0.13950
0.09286
0.69398
0.46716
0.16019
0.12185
0.33552
0.85593
0.28818
0.53301
0.02548
0.69744
0.94679
0.45343
0.69107
0.87408
0.74572
0.72603
0.09715
0.78509
0.37979
0.93990
0.03163
0.41003
0.95830
0.10188
0.18195
0.84721
0.30499
0.76281
0.78326
0.21783
0.35627
0.04324
0.10623
0.22928
0.51629
0.25662
0.52660
0.23716
0.85879
0.73232
0.99446
0.07548
0.85249
0.11762
0.64849
0.58956
0.49451
0.52268
0.21109
0.55016
0.38335
0.42884
0.83630
0.95314
0.93230
0.89390
0.75965
0.98996
0.25600
0.66510
0.56155
0.38781
0.15741
0.06321
0.94929
0.84320
0.76561
0.46494
0.32164
0.23600
0.98818
0.53303
0.40083
0.46765
0.49467
0.00575
0.81775
0.57296
0.69066
0.19637
0.60344
0.41092
0.05872
0.55112
0.21188
0.15688
0.87401
0.85358
0.84843
0.85376
0.94903
0.76008
0.92431
0.20156
0.53862
0.18498
0.65010
0.75696
0.81645
0.14968
0.23937
0.14130
0.60369
0.59919
0.57405
0.42456
0.18767
0.02676
0.74074
0.45189
0.66975
0.07730
0.25093
0.27562
0.02564
0.17292
0.26578
0.09895
0.15383
0.44516
0.03463
0.00753
0.89716
0.46317
0.58053
0.41334
0.48389
0.45907
0.24024
0.47708
0.31351
0.50277
0.02519
0.59186
0.57443
0.19312
0.93007
0.00947
0.92431
0.22952
0.09465
0.09646
0.08199
0.75167
0.38695
0.12805
0.59093
0.70772
0.49795
0.22895
0.81811
0.18712
0.85102
0.91492
0.94644
0.94269
0.87994
0.86690
0.35245
0.11783
0.72432
0.42923
0.01581
0.33831
0.50718
0.29052
0.34885
0.49137
0.53563
0.67804
0.18220
0.06305
0.82073
0.31482
0.45692
0.14363
0.30591
0.73605
0.21604
0.89582
0.82015
0.05284
0.93204
0.58322
0.26278
0.04513
0.90030
0.09194
0.92517
0.73862
0.35579
0.85775
0.47021
0.38675
0.22514
0.80763
0.19845
0.10413
0.22323
0.39047
0.02332
0.46484
0.38641
0.06063
0.23337
0.61695
0.21635
0.97024
0.16956
0.80218
0.44170
0.80238
0.63934
0.61286
0.74048
0.22291
0.46624
0.57290
0.34545
0.14519
0.69328
0.17717
0.34589
0.67467
0.77982
0.88487
0.24042
0.83527
0.21934
0.96773
0.56895
0.56444
0.10650
0.27993
0.87836
0.45103
0.79366
0.60354
0.63764
0.46652
0.63313
0.40211
0.13594
0.26429
0.05909
0.70818
0.31898
0.45635
0.68001
0.42839
0.07659
0.54681
0.02274
0.21412
0.94995
0.53177
0.06508
0.16349
0.45186
0.91851
0.02432
0.73563
0.21504
0.58019
0.82666
0.29671
0.48827
0.44024
0.46544
0.51643
0.16624
0.34454
0.55377
0.25913
0.70055
0.74333
0.77107
0.93478
0.04172
0.55524
0.78681
0.29214
0.13681
0.91960
0.41194
0.39640
0.72927
0.65621
0.79631
0.97356
0.22438
0.50785
0.84101
0.20416
0.07647
0.58809
0.62543
0.51766
0.20486
0.39922
0.40408
0.55620
0.23260
0.50920
0.72433
0.73654
0.62637
0.19108
0.70239
0.55455
0.47158
0.04696
0.68974
0.86716
0.17815
0.78234
0.14197
0.11737
0.26878
0.35791
0.50159
0.69761
0.67418
0.34563
0.93656
0.77384
0.67226
0.78317
0.19576
0.96259
0.86853
0.59776
0.88824
0.64417
0.81864
0.95406
0.42551
0.40729
0.64909
0.59000
0.76170
0.27056
0.66105
0.85634
0.15677
0.57300
0.90033
0.04146
0.16331
0.83360
0.26374
0.96851
0.03283
0.36230
0.35177
0.90053
0.98129
0.13155
0.15039
0.47752
0.40513
0.40773
0.41313
0.91071
0.67230
0.74116
0.49696
0.88298
0.31072
0.22530
0.36450
0.61515
0.01314
0.87868
0.14781
0.95458
0.89559
0.51935
0.13022
0.01172
0.38785
0.72490
0.96042
0.03582
0.32996
0.12637
0.28878
0.07672
0.00970
0.82520
0.37126
0.45698
0.14320
0.30917
0.13033
0.40907
0.45057
0.42660
0.84769
0.20917
0.25615
0.31570
0.63314
0.51206
0.61314
0.63037
0.41008
0.26475
0.60680
0.68770
0.58752
0.51838
0.66629
0.64374
0.62446
0.15594
0.52173
0.54401
0.77283
0.88695
0.64121
0.77285
0.37529
0.90292
0.01844
0.78692
0.17812
0.33051
0.89535
0.60221
0.92818
0.66736
0.81268
0.46708
0.39898
0.06980
0.27046
0.93637
0.83257
0.47299
0.25876
0.14742
0.12960
0.17348
0.63613
0.80304
0.26579
0.79868
0.61541
0.61490
0.00508
0.84303
0.75331
0.32735
0.84679
0.21551
0.13054
0.58552
0.08440
0.83249
0.62675
0.80042
0.93894
0.47015
0.23392
0.70546
0.81917
0.16990
0.60474
0.07669
0.90425
0.28352
0.83882
0.11247
0.69372
0.97690
0.68794
0.12200
0.81887
0.88171
0.23312
0.60915
0.32854
0.33436
0.43148
0.83702
0.87139
0.73984
0.56591
0.90994
0.05182
0.78876
0.46401
0.12519
0.69639
0.98271
0.81914
0.91069
0.69129
0.69778
0.01094
0.90900
0.43729
0.05176
0.54920
0.37176
0.41400
0.89372
0.06303
0.42003
0.23260
0.32590
0.73736
0.61124
0.88909
0.36773
0.71813
0.42041
0.92499
0.59279
0.61592
0.10145
0.28123
0.02269
0.91791
0.57074
0.46727
0.03656
0.18890
0.38135
0.96594
0.12455
0.03593
0.89038
0.73334
0.31043
0.66993
0.98588
0.22918
0.19447
0.17540
0.58994
0.83611
0.57239
0.24876
0.33319
0.45679
0.95786
0.65615
0.88266
0.16945
0.38885
0.36935
0.77093
0.70528
0.00386
0.72238
0.40289
0.94103
0.36590
0.34488
0.82244
0.46669
0.75783
0.27099
0.54026
0.94151
0.63541
0.49443
0.52444
0.11894
0.03589
0.82196
0.37407
0.59722
0.51648
0.49714
0.50316
0.20297
0.18789
0.35594
0.00936
0.09095
0.94762
0.05617
0.39263
0.97437
0.91203
0.22976
0.46568
0.28199
0.11286
0.31793
0.84713
0.46465
0.86638
0.13749
0.13232
0.44223
0.32098
0.75332
0.86864
0.54383
0.31473
0.91662
0.05733
0.11673
0.19977
0.58787
0.02880
0.71999
0.49823
0.87733
0.17052
0.41558
0.79119
0.46651
0.50769
0.65653
0.18499
0.71031
0.77046
0.84453
0.22382
0.01399
0.16727
0.87501
0.68944
0.30665
0.99837
0.00276
0.98487
0.32902
0.67703
0.15157
0.35992
0.10854
0.45008
0.23791
0.56501
0.94078
0.06637
0.21503
0.97814
0.64664
0.38707
0.85172
0.66157
0.62941
0.78040
0.66080
0.31258
0.88787
0.86664
0.48959
0.82894
0.52088
0.81375
0.70572
0.43499
0.84434
0.14674
0.06077
0.74801
0.37892
0.72925
0.88014
0.95768
0.97377
0.74094
0.32859
0.05001
0.12185
0.09489
0.15538
0.41574
0.71928
0.19160
0.71056
0.16373
0.92270
0.29479
0.86002
0.24092
0.50998
0.74735
0.22675
0.24671
0.70681
0.44464
0.98881
0.74389
0.15523
0.29317
0.14841
0.86969
0.40855
0.73090
0.34517
0.04998
0.29301
0.33341
0.81081
0.97384
0.15992
0.41944
0.74810
0.09381
0.85732
0.92499
0.43416
0.82209
0.90649
0.00591
0.92987
0.40259
0.42548
0.02121
0.64518
0.44664
0.46419
0.51123
0.91463
0.40982
0.02551
0.88129
0.09748
0.99084
0.21334
0.57066
0.72976
0.84188
0.76730
0.20738
0.64192
0.54838
0.55959
0.25029
0.66980
0.02540
0.77611
0.84022
0.23758
0.48563
0.69560
0.72100
0.75759
0.20005
0.87250
0.15811